# {x,y} neighbors
0 0 1 5
500 0 0 2 6
1000 0 1 3 7
1500 0 2 4 8
2000 0 3 9
0 500 6 0 10
500 500 5 7 1 11
1000 500 6 8 2 12
1500 500 7 9 3 13
2000 500 8 4 14
0 1000 11 5 15
500 1000 10 12 6 16
1000 1000 11 13 7 17
1500 1000 12 14 8 18
2000 1000 13 9 19
0 1500 16 10 20
500 1500 15 17 11 21
1000 1500 16 18 12 22
1500 1500 17 19 13 23
2000 1500 18 14 24
0 2000 21 15 25
500 2000 20 22 16 26
1000 2000 21 23 17 27
1500 2000 22 24 18 28
2000 2000 23 19 29
0 2500 26 20 30
500 2500 25 27 21 31
1000 2500 26 28 22 32
1500 2500 27 29 23 33
2000 2500 28 24 34
0 3000 31 25
500 3000 30 32 26
1000 3000 31 33 27
1500 3000 32 34 28
2000 3000 33 29
